"","S791","S809","S831","S850","S864","S869","S891","S893","S911","S928"
"S791",1,0.947043826969672,0.909088263443172,0.947790002822319,0.933030439817398,0.933030439817398,0.918158242141571,0.918158242141571,0.918158242141571,0.892336884571696
"S809",0.947043826969672,1,0.92101114370726,0.898368085692777,0.875682200520191,0.875682200520191,0.880354156668032,0.880354156668032,0.880354156668032,0.817770931501524
"S831",0.909088263443172,0.92101114370726,1,0.889153810467589,0.891813899717682,0.891813899717682,0.909208324772263,0.909208324772263,0.909208324772263,0.842798223132844
"S850",0.947790002822319,0.898368085692777,0.889153810467589,1,0.988127178018755,0.988127178018755,0.976567436008439,0.976567436008439,0.976567436008439,0.952585767149011
"S864",0.933030439817398,0.875682200520191,0.891813899717682,0.988127178018755,1,1,0.959134403164059,0.959134403164059,0.959134403164059,0.949078333278229
"S869",0.933030439817398,0.875682200520191,0.891813899717682,0.988127178018755,1,1,0.959134403164059,0.959134403164059,0.959134403164059,0.949078333278229
"S891",0.918158242141571,0.880354156668032,0.909208324772263,0.976567436008439,0.959134403164059,0.959134403164059,1,1,1,0.94231027776351
"S893",0.918158242141571,0.880354156668032,0.909208324772263,0.976567436008439,0.959134403164059,0.959134403164059,1,1,1,0.94231027776351
"S911",0.918158242141571,0.880354156668032,0.909208324772263,0.976567436008439,0.959134403164059,0.959134403164059,1,1,1,0.94231027776351
"S928",0.892336884571696,0.817770931501524,0.842798223132844,0.952585767149011,0.949078333278229,0.949078333278229,0.94231027776351,0.94231027776351,0.94231027776351,1
