"","S791","S809","S831","S850","S864","S869","S891","S893","S911","S928"
"S791",1,0.991684266079023,0.995888144891568,0.990787562871755,0.995813061696149,0.995813061696149,0.992046906443858,0.992046906443858,0.992046906443858,0.997327471638384
"S809",0.991684266079023,1,0.993233220108287,0.988930371073982,0.992532238009316,0.992532238009316,0.989045713032891,0.989045713032891,0.989045713032891,0.99354960360228
"S831",0.995888144891568,0.993233220108287,1,0.983421729716702,0.989546431399887,0.989546431399887,0.988542226272318,0.988542226272318,0.988542226272318,0.992946967772745
"S850",0.990787562871755,0.988930371073982,0.983421729716702,1,0.998813857963315,0.998813857963315,0.995940412734626,0.995940412734626,0.995940412734626,0.995576611097938
"S864",0.995813061696149,0.992532238009316,0.989546431399887,0.998813857963315,1,1,0.996214024215804,0.996214024215804,0.996214024215804,0.998227430989361
"S869",0.995813061696149,0.992532238009316,0.989546431399887,0.998813857963315,1,1,0.996214024215804,0.996214024215804,0.996214024215804,0.998227430989361
"S891",0.992046906443858,0.989045713032891,0.988542226272318,0.995940412734626,0.996214024215804,0.996214024215804,1,1,1,0.993933114350176
"S893",0.992046906443858,0.989045713032891,0.988542226272318,0.995940412734626,0.996214024215804,0.996214024215804,1,1,1,0.993933114350176
"S911",0.992046906443858,0.989045713032891,0.988542226272318,0.995940412734626,0.996214024215804,0.996214024215804,1,1,1,0.993933114350176
"S928",0.997327471638384,0.99354960360228,0.992946967772745,0.995576611097938,0.998227430989361,0.998227430989361,0.993933114350176,0.993933114350176,0.993933114350176,1
