"","S1558","S2467","S2515","S2523","S2528","S2541","S2543","S2545","S2552","S3159","S3175","S3257","S3260","S3270","S3283","S3867","S4857","S4863","S4864"
"S1558",1,0.98988827322745,0.968218289369168,0.988363830569978,0.993239376473499,0.956506779932521,0.960258992637858,0.980246652919585,0.990702197166128,0.964650698027586,0.964526203583932,0.974770507407898,0.974105855648444,0.973886103515256,0.99385673085995,0.967658268595156,0.975073589321672,0.971387821823444,0.965045119718952
"S2467",0.98988827322745,1,0.991908156791605,0.999704178986918,0.99677827426569,0.985970808258674,0.987598232078675,0.997147001605895,0.999674266410842,0.986885278909631,0.988597100910712,0.99502228024726,0.9950704954976,0.9907046030265,0.997401413490729,0.988708148087921,0.996165235096066,0.994561956223421,0.990158590068491
"S2515",0.968218289369168,0.991908156791605,1,0.993044963822889,0.987815587043529,0.998869802085486,0.999385146432558,0.998268483861389,0.992077440525889,0.984103241998911,0.988218310792827,0.993047887947042,0.994133746918587,0.983240451601881,0.983358209883054,0.998318853537856,0.996401058617067,0.99739431667685,0.991267888814497
"S2523",0.988363830569978,0.999704178986918,0.993044963822889,1,0.997194620815528,0.987682420053418,0.989236938601655,0.997881215005725,0.999614167574351,0.985256257021193,0.987507146500713,0.994454090727696,0.994540868019493,0.98868943326457,0.996201126358064,0.990244034995322,0.996335079257434,0.994937419304225,0.989501783451144
"S2528",0.993239376473499,0.99677827426569,0.987815587043529,0.997194620815528,1,0.98041707546457,0.98318617309122,0.994800383110923,0.998192155389293,0.972611857913935,0.975189306079044,0.985570125575782,0.985688533601365,0.978152051439503,0.994017103982517,0.988225969120198,0.988434220097102,0.986881032554123,0.977862440636533
"S2541",0.956506779932521,0.985970808258674,0.998869802085486,0.987682420053418,0.98041707546457,1,0.999587054238754,0.99497074748761,0.985908578460651,0.9813012389499,0.986156438893104,0.989468944769515,0.990901465022203,0.978402029754358,0.97521907100254,0.996909311641331,0.993789375492786,0.995590714407058,0.989568270055634
"S2543",0.960258992637858,0.987598232078675,0.999385146432558,0.989236938601655,0.98318617309122,0.999587054238754,1,0.995993555312329,0.987788939463406,0.981808149111291,0.9864570823644,0.990285624037939,0.99147860799207,0.979615192542094,0.977355481150505,0.998184825753685,0.994097170753329,0.99551850898917,0.98935320397603
"S2545",0.980246652919585,0.997147001605895,0.998268483861389,0.997881215005725,0.994800383110923,0.99497074748761,0.995993555312329,1,0.99748566666254,0.984261423883465,0.987646666993894,0.994253837271603,0.995006482030015,0.985846913859011,0.991112888788633,0.996766032529034,0.997335569985838,0.997387975268965,0.990692689182774
"S2552",0.990702197166128,0.999674266410842,0.992077440525889,0.999614167574351,0.998192155389293,0.985908578460651,0.987788939463406,0.99748566666254,1,0.983225767849026,0.985489094577083,0.993339989693268,0.993511649352225,0.98778029998624,0.996568836206987,0.989697651652745,0.99491872443901,0.993447995946264,0.987904451178888
"S3159",0.964650698027586,0.986885278909631,0.984103241998911,0.985256257021193,0.972611857913935,0.9813012389499,0.981808149111291,0.984261423883465,0.983225767849026,1,0.999504179261898,0.995535932991099,0.994941022169496,0.997943827869467,0.984297046881006,0.976550189415444,0.992799785392384,0.991279311046934,0.996544381372121
"S3175",0.964526203583932,0.988597100910712,0.988218310792827,0.987507146500713,0.975189306079044,0.986156438893104,0.9864570823644,0.987646666993894,0.985489094577083,0.999504179261898,1,0.997119531122115,0.996786090121274,0.997492060919759,0.984385370302189,0.980939768885376,0.995146698348011,0.99407446554434,0.998357693333815
"S3257",0.974770507407898,0.99502228024726,0.993047887947042,0.994454090727696,0.985570125575782,0.989468944769515,0.990285624037939,0.994253837271603,0.993339989693268,0.995535932991099,0.997119531122115,1,0.999867186351874,0.996819401348884,0.991473422370845,0.986840319924736,0.998907485408956,0.997976278677257,0.998629447368111
"S3260",0.974105855648444,0.9950704954976,0.994133746918587,0.994540868019493,0.985688533601365,0.990901465022203,0.99147860799207,0.995006482030015,0.993511649352225,0.994941022169496,0.996786090121274,0.999867186351874,1,0.996234345195543,0.991142648557397,0.988113171005242,0.999243154015873,0.998583685293561,0.998677497992841
"S3270",0.973886103515256,0.9907046030265,0.983240451601881,0.98868943326457,0.978152051439503,0.978402029754358,0.979615192542094,0.985846913859011,0.98778029998624,0.997943827869467,0.997492060919759,0.996819401348884,0.996234345195543,1,0.990396305790776,0.975829836377855,0.993428797116601,0.991236333808547,0.996096257022038
"S3283",0.99385673085995,0.997401413490729,0.983358209883054,0.996201126358064,0.994017103982517,0.97521907100254,0.977355481150505,0.991112888788633,0.996568836206987,0.984297046881006,0.984385370302189,0.991473422370845,0.991142648557397,0.990396305790776,1,0.980223435305233,0.991516209101401,0.989049059095454,0.985127216729974
"S3867",0.967658268595156,0.988708148087921,0.998318853537856,0.990244034995322,0.988225969120198,0.996909311641331,0.998184825753685,0.996766032529034,0.989697651652745,0.976550189415444,0.980939768885376,0.986840319924736,0.988113171005242,0.975829836377855,0.980223435305233,1,0.991606685364437,0.992922996925465,0.983677385865415
"S4857",0.975073589321672,0.996165235096066,0.996401058617067,0.996335079257434,0.988434220097102,0.993789375492786,0.994097170753329,0.997335569985838,0.99491872443901,0.992799785392384,0.995146698348011,0.998907485408956,0.999243154015873,0.993428797116601,0.991516209101401,0.991606685364437,1,0.999701484493121,0.997311064373096
"S4863",0.971387821823444,0.994561956223421,0.99739431667685,0.994937419304225,0.986881032554123,0.995590714407058,0.99551850898917,0.997387975268965,0.993447995946264,0.991279311046934,0.99407446554434,0.997976278677257,0.998583685293561,0.991236333808547,0.989049059095454,0.992922996925465,0.999701484493121,1,0.99689466248897
"S4864",0.965045119718952,0.990158590068491,0.991267888814497,0.989501783451144,0.977862440636533,0.989568270055634,0.98935320397603,0.990692689182774,0.987904451178888,0.996544381372121,0.998357693333815,0.998629447368111,0.998677497992841,0.996096257022038,0.985127216729974,0.983677385865415,0.997311064373096,0.99689466248897,1
