"","S10203","S10328","S10458","S10580","S10806","S10918","S11151","S11264","S11383","S11384","S11498","S11618","S11784","S11804","S11816","S11830","S11849","S11872","S11988","S1296","S1298","S1664","S1697","S176","S3234","S4287","S4401","S4573","S4668","S5110","S5557","S5610","S5646","S6018","S6120","S6165","S6923","S8633","S8702","S8888","S9019","S9163","S9165","S9269","S9272","S9313","S936","S9445","S9447","S9840","S995","S9964"
"S10203",1,0.998978169079559,0.958082476551064,0.95752668878877,0.958041518858035,0.955140921897511,0.978167987657796,0.978943601100771,0.978943601100771,0.98898124190533,0.987056098390181,0.978943601100771,0.986467031125296,0.98606455793324,0.986941174152645,0.986893888021107,0.985958003191807,0.986893888021107,0.984522116752224,0.989306041625453,0.990785542172248,0.912101561479396,0.912101561479396,0.943929657196627,0.990916209648264,0.880329159449528,0.882934518939912,0.846714434128789,0.846714434128789,0.990922764506613,0.989862702153372,0.85672473613124,0.853065459664154,0.989767272100761,0.867348451447612,0.867348451447612,0.989862702153372,0.99287513706341,0.866133177707354,0.992035124333628,0.993857924242749,0.993892101053779,0.982815663863755,0.886330796675635,0.886330796675635,0.98044381429914,0.931039204150911,0.994045351972052,0.982815663863755,0.999905363367799,0.932024764121982,0.999940447587303
"S10328",0.998978169079559,1,0.962327856503586,0.96197350347547,0.962257006592473,0.959485375876213,0.981335617368769,0.981816067639435,0.981816067639435,0.991953847971535,0.989082752896417,0.981816067639435,0.988164071425473,0.988031412768523,0.988528850877737,0.988437952038122,0.987659600040311,0.988437952038122,0.986354199555275,0.992204135134814,0.992775895496882,0.915626567582794,0.915626567582794,0.949070774208402,0.99303209217983,0.882187481417476,0.885091038625856,0.844493652098683,0.844493652098683,0.993667139841473,0.992875370402623,0.856201900113329,0.852230863043806,0.992665554501657,0.869553677833301,0.869553677833301,0.992875370402623,0.9939504277856,0.860509991336899,0.993235621030277,0.994772390304288,0.994571606461574,0.983702152383597,0.881270376549393,0.881270376549393,0.981090018621117,0.937223813271713,0.994773730069825,0.983702152383597,0.998872756622333,0.938005386312024,0.99924061466749
"S10458",0.958082476551064,0.962327856503586,1,0.999970294429783,0.999973701890392,0.999899091133282,0.933221421461622,0.933934172892265,0.933934172892265,0.948448648787236,0.945704335969314,0.933934172892265,0.938939339110543,0.946664098458108,0.939521510060522,0.939361306919824,0.938795425046261,0.939361306919824,0.942882704607338,0.939357403591692,0.955188463720359,0.979133880646599,0.979133880646599,0.998725189547348,0.952534795116158,0.951357694759296,0.953410516020195,0.929462977205589,0.929462977205589,0.940626802125358,0.940153255313759,0.937829506257713,0.935275481605284,0.941623867882392,0.946995766450114,0.946995766450114,0.940153255313759,0.982466530033088,0.923116171563269,0.984273603046019,0.978867724542328,0.975226538920652,0.946051159535986,0.915802901818601,0.915802901818601,0.944008248360177,0.994726805201034,0.976238948581586,0.946051159535986,0.957396070361958,0.994489626857879,0.959279156099005
"S10580",0.95752668878877,0.96197350347547,0.999970294429783,1,0.999979586261936,0.999906687184241,0.933424168417161,0.934112575016419,0.934112575016419,0.947980422895865,0.944970951299882,0.934112575016419,0.938849582150273,0.945925141882849,0.939473854574319,0.939270939163635,0.93872985872922,0.939270939163635,0.942066227856833,0.939609009022963,0.954562151760317,0.978259271356629,0.978259271356629,0.998677209464978,0.951945340185974,0.949749372913839,0.951842184740142,0.927583438653327,0.927583438653327,0.940793894271503,0.94039277218468,0.936115262942269,0.933549374717911,0.941895611996544,0.945494936196548,0.945494936196548,0.94039277218468,0.982291142723912,0.920903353251009,0.984085483923355,0.978710994751337,0.975070442259885,0.945026510667861,0.913634522226533,0.913634522226533,0.942907352244283,0.994751463517983,0.976113338434475,0.945026510667861,0.956870036806395,0.994468446768522,0.958729078645256
"S10806",0.958041518858035,0.962257006592473,0.999973701890392,0.999979586261936,1,0.999906721336406,0.933389725460263,0.934125060760502,0.934125060760502,0.947756062235375,0.94481546699506,0.934125060760502,0.938894271193639,0.945748735670985,0.939511905018665,0.939323141628125,0.938770332406719,0.939323141628125,0.941905724954045,0.939507542408248,0.95446146235251,0.97801188355222,0.97801188355222,0.998557421359141,0.951832608935591,0.949604596732835,0.951664802126015,0.928191803299862,0.928191803299862,0.940740975061322,0.940306148826484,0.93640860426142,0.93387087447056,0.941820810655483,0.945354831035671,0.945354831035671,0.940306148826484,0.982722746217833,0.921684242346751,0.984498353338164,0.979181619218505,0.975614401526492,0.94493812666264,0.914197030218491,0.914197030218491,0.942828809346334,0.994371236896726,0.976620578978513,0.94493812666264,0.957392715605444,0.994090109647699,0.959213776640711
"S10918",0.955140921897511,0.959485375876213,0.999899091133282,0.999906687184241,0.999906721336406,1,0.930655163818887,0.931368979277121,0.931368979277121,0.944912873757885,0.941995468374239,0.931368979277121,0.93602271718017,0.942993565884151,0.936647601183363,0.936502104647098,0.935940765686448,0.936502104647098,0.939031797801587,0.936340009107437,0.951750329269497,0.978851865869656,0.978851865869656,0.998973668225287,0.94901443864262,0.950788785664377,0.952881295933921,0.930348148007738,0.930348148007738,0.937454262539059,0.937065131843288,0.9383697237036,0.935880073964401,0.938609130375607,0.946955795857009,0.946955795857009,0.937065131843288,0.980721246464879,0.923020639975129,0.982542689275552,0.977022344890494,0.973451238061512,0.942378177317391,0.914681717643896,0.914681717643896,0.940270995903773,0.994857790620311,0.974475212153495,0.942378177317391,0.954505570871885,0.994512051506164,0.956325764136354
"S11151",0.978167987657796,0.981335617368769,0.933221421461622,0.933424168417161,0.933389725460263,0.930655163818887,1,0.999946053648441,0.999946053648441,0.983673652955502,0.978802548145753,0.999946053648441,0.997902291474756,0.978001285826388,0.997457736818536,0.997681805648116,0.997983001401555,0.997681805648116,0.975757601328072,0.991248977355363,0.980376252255638,0.873379842295007,0.873379842295007,0.919515978137157,0.980819300124321,0.827665695260202,0.8309260149155,0.770209149805423,0.770209149805423,0.990638472595263,0.991048649978904,0.784786307643828,0.779908036334448,0.991373818944311,0.807172899099415,0.807172899099415,0.991048649978904,0.969901089612778,0.806288062136507,0.969347590572044,0.970580805907071,0.972862925378017,0.969766136860954,0.849429628964009,0.849429628964009,0.967140382392916,0.90682940664212,0.97264390514664,0.969766136860954,0.978782538398224,0.907335858586235,0.978558863861213
"S11264",0.978943601100771,0.981816067639435,0.933934172892265,0.934112575016419,0.934125060760502,0.931368979277121,0.999946053648441,1,1,0.983587990617887,0.978837598339139,1,0.998031355752861,0.978045412753005,0.997590540240831,0.997826479510239,0.998129915649422,0.997826479510239,0.975820201237275,0.991116534979916,0.980482899359838,0.874290268665819,0.874290268665819,0.920156559466793,0.980912721812273,0.828634680961022,0.831782605262219,0.771418882991432,0.771418882991432,0.990604250294695,0.990970578568579,0.785777110624251,0.780937953203381,0.991294266491318,0.80785409816421,0.80785409816421,0.990970578568579,0.97065073583241,0.80757120569201,0.970113147160575,0.971305216870122,0.973555258241234,0.969954905069704,0.850172057006651,0.850172057006651,0.967341979766349,0.90727404824378,0.973338060447702,0.969954905069704,0.979554646732228,0.90782077699595,0.979279144380993
"S11383",0.978943601100771,0.981816067639435,0.933934172892265,0.934112575016419,0.934125060760502,0.931368979277121,0.999946053648441,1,1,0.983587990617887,0.978837598339139,1,0.998031355752861,0.978045412753005,0.997590540240831,0.997826479510239,0.998129915649422,0.997826479510239,0.975820201237275,0.991116534979916,0.980482899359838,0.874290268665819,0.874290268665819,0.920156559466793,0.980912721812273,0.828634680961022,0.831782605262219,0.771418882991432,0.771418882991432,0.990604250294695,0.990970578568579,0.785777110624251,0.780937953203381,0.991294266491318,0.80785409816421,0.80785409816421,0.990970578568579,0.97065073583241,0.80757120569201,0.970113147160575,0.971305216870122,0.973555258241234,0.969954905069704,0.850172057006651,0.850172057006651,0.967341979766349,0.90727404824378,0.973338060447702,0.969954905069704,0.979554646732228,0.90782077699595,0.979279144380993
"S11384",0.98898124190533,0.991953847971535,0.948448648787236,0.947980422895865,0.947756062235375,0.944912873757885,0.983673652955502,0.983587990617887,0.983587990617887,1,0.999077690761789,0.983587990617887,0.991131604984629,0.998795162427421,0.9908985974168,0.9909554483541,0.990565159850015,0.9909554483541,0.998129221463178,0.990200338947594,0.999219127720659,0.913829151831734,0.913829151831734,0.936711382778347,0.999558724042583,0.88454070871214,0.887244965908766,0.825944606631794,0.825944606631794,0.991756231730027,0.990900983328515,0.844001568995085,0.839226355779472,0.990066533770449,0.866959570189508,0.866959570189508,0.990900983328515,0.978414537352723,0.854307324932778,0.978146879851441,0.978354628792246,0.977452310239485,0.995385858089644,0.888718313045829,0.888718313045829,0.993912650420219,0.928980224950398,0.977570598152841,0.995385858089644,0.988893944121733,0.930788343321419,0.989911791983091
"S11498",0.987056098390181,0.989082752896417,0.945704335969314,0.944970951299882,0.94481546699506,0.941995468374239,0.978802548145753,0.978837598339139,0.978837598339139,0.999077690761789,1,0.978837598339139,0.987683541146188,0.99989926746466,0.987176861620018,0.987459262674401,0.986985128805345,0.987459262674401,0.999778596895788,0.984324092439807,0.999306624143908,0.917671553546974,0.917671553546974,0.934529772088165,0.999413551614978,0.892791092755939,0.895196619505901,0.83371747243124,0.83371747243124,0.986370327791521,0.985183835235121,0.851808598567523,0.847216631636854,0.98414355213782,0.874689735457735,0.874689735457735,0.985183835235121,0.975083979343333,0.865835517507558,0.974940895114533,0.974749563998958,0.973596623562423,0.998451587048246,0.901454779549057,0.901454779549057,0.997570337034094,0.927112332170112,0.973620249205872,0.998451587048246,0.986964330809159,0.929235355686628,0.988035143904837
"S11618",0.978943601100771,0.981816067639435,0.933934172892265,0.934112575016419,0.934125060760502,0.931368979277121,0.999946053648441,1,1,0.983587990617887,0.978837598339139,1,0.998031355752861,0.978045412753005,0.997590540240831,0.997826479510239,0.998129915649422,0.997826479510239,0.975820201237275,0.991116534979916,0.980482899359838,0.874290268665819,0.874290268665819,0.920156559466793,0.980912721812273,0.828634680961022,0.831782605262219,0.771418882991432,0.771418882991432,0.990604250294695,0.990970578568579,0.785777110624251,0.780937953203381,0.991294266491318,0.80785409816421,0.80785409816421,0.990970578568579,0.97065073583241,0.80757120569201,0.970113147160575,0.971305216870122,0.973555258241234,0.969954905069704,0.850172057006651,0.850172057006651,0.967341979766349,0.90727404824378,0.973338060447702,0.969954905069704,0.979554646732228,0.90782077699595,0.979279144380993
"S11784",0.986467031125296,0.988164071425473,0.938939339110543,0.938849582150273,0.938894271193639,0.93602271718017,0.997902291474756,0.998031355752861,0.998031355752861,0.991131604984629,0.987683541146188,0.998031355752861,1,0.987219374904427,0.99990046419391,0.999962883466298,0.99997248227251,0.999962883466298,0.985339556848025,0.994630235294236,0.989063379979512,0.886309653579517,0.886309653579517,0.924946771359371,0.989404833660692,0.84567578942427,0.848540101789182,0.790088423077542,0.790088423077542,0.994578141776317,0.99446785287724,0.804727633778097,0.799998843745875,0.994652532432078,0.825453136658569,0.825453136658569,0.99446785287724,0.975864047455649,0.826450348961159,0.975312436740813,0.976387559787758,0.977864858447694,0.980731531702452,0.866444019291167,0.866444019291167,0.978557498872567,0.913299120028446,0.977763000490383,0.980731531702452,0.98684972699642,0.91443878042942,0.986750997298049
"S11804",0.98606455793324,0.988031412768523,0.946664098458108,0.945925141882849,0.945748735670985,0.942993565884151,0.978001285826388,0.978045412753005,0.978045412753005,0.998795162427421,0.99989926746466,0.978045412753005,0.987219374904427,1,0.986763980140586,0.987005601338453,0.986553690232518,0.987005601338453,0.999836190594371,0.983295036974794,0.999252482463686,0.920430728878326,0.920430728878326,0.935852231538713,0.999233151247949,0.896020197898928,0.898316148443434,0.836427313909045,0.836427313909045,0.985307277183577,0.984101986014826,0.854690906082526,0.85012735253008,0.983151594776675,0.877746474915155,0.877746474915155,0.984101986014826,0.974510620176184,0.869378860526803,0.974483714408838,0.973946222748132,0.972621144644501,0.998808469572502,0.904863145316048,0.904863145316048,0.998066563115777,0.929034785772911,0.972682762893437,0.998808469572502,0.985953961359637,0.931262735604275,0.987070079391424
"S11816",0.986941174152645,0.988528850877737,0.939521510060522,0.939473854574319,0.939511905018665,0.936647601183363,0.997457736818536,0.997590540240831,0.997590540240831,0.9908985974168,0.987176861620018,0.997590540240831,0.99990046419391,0.986763980140586,1,0.999950681528787,0.9999200525623,0.999950681528787,0.984731740236201,0.995443122910985,0.988823078486956,0.886280900280295,0.886280900280295,0.925326881217563,0.989191910107711,0.845179854956051,0.848057752913879,0.790530435583912,0.790530435583912,0.995254307972318,0.995179522752393,0.805107013895601,0.80041776884212,0.995444700780013,0.825319495443733,0.825319495443733,0.995179522752393,0.976457876563856,0.826189985628609,0.975851791940081,0.977016342478631,0.978427693060018,0.980077763973584,0.865225718343114,0.865225718343114,0.977815123794472,0.913797693190741,0.978414089480142,0.980077763973584,0.987322500130323,0.914951548407224,0.987152230845633
"S11830",0.986893888021107,0.988437952038122,0.939361306919824,0.939270939163635,0.939323141628125,0.936502104647098,0.997681805648116,0.997826479510239,0.997826479510239,0.9909554483541,0.987459262674401,0.997826479510239,0.999962883466298,0.987005601338453,0.999950681528787,1,0.999969994973249,1,0.985041063743327,0.994864716818035,0.98893055695094,0.886555232926141,0.886555232926141,0.925291558727203,0.989271846571622,0.845885357714071,0.848768562500109,0.791209421585376,0.791209421585376,0.994720198676954,0.994625304256763,0.805663171310781,0.800975843981227,0.994826339494897,0.825872738907522,0.825872738907522,0.994625304256763,0.97623625851833,0.827179793309127,0.975636831239061,0.976774816342229,0.978272871775115,0.980548693903074,0.866583996187898,0.866583996187898,0.978326357012336,0.913495972908067,0.978212700010025,0.980548693903074,0.987286568645731,0.914627037054499,0.987111550860773
"S11849",0.985958003191807,0.987659600040311,0.938795425046261,0.93872985872922,0.938770332406719,0.935940765686448,0.997983001401555,0.998129915649422,0.998129915649422,0.990565159850015,0.986985128805345,0.998129915649422,0.99997248227251,0.986553690232518,0.9999200525623,0.999969994973249,1,0.999969994973249,0.984588594079439,0.994523557361704,0.988414325183193,0.885780086410523,0.885780086410523,0.924792862132077,0.988764943532798,0.844700299729471,0.847554783001464,0.788985099112925,0.788985099112925,0.994379183216557,0.99431612991234,0.803648300761299,0.798906163008427,0.994521395513555,0.824338278967541,0.824338278967541,0.99431612991234,0.975456180058085,0.825358868893055,0.974893838022971,0.975950455512467,0.977473580052951,0.979944254883858,0.865299608932135,0.865299608932135,0.977728299822517,0.913064144642856,0.977386036771256,0.979944254883858,0.98637143341036,0.914206672328245,0.986209372513111
"S11872",0.986893888021107,0.988437952038122,0.939361306919824,0.939270939163635,0.939323141628125,0.936502104647098,0.997681805648116,0.997826479510239,0.997826479510239,0.9909554483541,0.987459262674401,0.997826479510239,0.999962883466298,0.987005601338453,0.999950681528787,1,0.999969994973249,1,0.985041063743327,0.994864716818035,0.98893055695094,0.886555232926141,0.886555232926141,0.925291558727203,0.989271846571622,0.845885357714071,0.848768562500109,0.791209421585376,0.791209421585376,0.994720198676954,0.994625304256763,0.805663171310781,0.800975843981227,0.994826339494897,0.825872738907522,0.825872738907522,0.994625304256763,0.97623625851833,0.827179793309127,0.975636831239061,0.976774816342229,0.978272871775115,0.980548693903074,0.866583996187898,0.866583996187898,0.978326357012336,0.913495972908067,0.978212700010025,0.980548693903074,0.987286568645731,0.914627037054499,0.987111550860773
"S11988",0.984522116752224,0.986354199555275,0.942882704607338,0.942066227856833,0.941905724954045,0.939031797801587,0.975757601328072,0.975820201237275,0.975820201237275,0.998129221463178,0.999778596895788,0.975820201237275,0.985339556848025,0.999836190594371,0.984731740236201,0.985041063743327,0.984588594079439,0.985041063743327,1,0.981010675018372,0.998633734094285,0.918053401307782,0.918053401307782,0.931965723952773,0.998682086257976,0.894958467249478,0.897179288690485,0.834046299186414,0.834046299186414,0.983316969212313,0.981991830703574,0.85271653187362,0.848118083098419,0.980856664172625,0.876325044917234,0.876325044917234,0.981991830703574,0.971904072368246,0.868368017973716,0.971852212281313,0.971405102291193,0.970047162797758,0.999068323739167,0.905160767409966,0.905160767409966,0.998497690041214,0.925135695367264,0.970011728541159,0.999068323739167,0.984440055281034,0.927497008458942,0.985593139389219
"S1296",0.989306041625453,0.992204135134814,0.939357403591692,0.939609009022963,0.939507542408248,0.936340009107437,0.991248977355363,0.991116534979916,0.991116534979916,0.990200338947594,0.984324092439807,0.991116534979916,0.994630235294236,0.983295036974794,0.995443122910985,0.994864716818035,0.994523557361704,0.994864716818035,0.981010675018372,1,0.987007804631164,0.879348807513863,0.879348807513863,0.923623195096535,0.9881582065366,0.835967720711516,0.839490682593288,0.785827157088896,0.785827157088896,0.999777977464292,0.999889458873389,0.801257435151675,0.796510786392809,0.999899032983116,0.820268623840774,0.820268623840774,0.999889458873389,0.979595143520906,0.809815424370219,0.978369090211995,0.981171204795449,0.982086503383287,0.974569970606969,0.842969853165083,0.842969853165083,0.971332657575845,0.912157098142219,0.982417475773765,0.974569970606969,0.98963738292777,0.91297554962511,0.989477286730652
"S1298",0.990785542172248,0.992775895496882,0.955188463720359,0.954562151760317,0.95446146235251,0.951750329269497,0.980376252255638,0.980482899359838,0.980482899359838,0.999219127720659,0.999306624143908,0.980482899359838,0.989063379979512,0.999252482463686,0.988823078486956,0.98893055695094,0.988414325183193,0.98893055695094,0.998633734094285,0.987007804631164,1,0.925254218941145,0.925254218941145,0.944290305496177,0.999889270445181,0.898771598291747,0.901187264040681,0.844449735461667,0.844449735461667,0.988876833853665,0.987761750342728,0.861132096991402,0.856738794882066,0.987134474387015,0.882081900573503,0.882081900573503,0.987761750342728,0.981979159160021,0.872658790812159,0.981961133288573,0.981533456445717,0.980223547414416,0.997336543534164,0.903685563524351,0.903685563524351,0.996202030073902,0.937023446850016,0.980384644014498,0.997336543534164,0.990568290868167,0.938879713675576,0.991692647489132
"S1664",0.912101561479396,0.915626567582794,0.979133880646599,0.978259271356629,0.97801188355222,0.978851865869656,0.873379842295007,0.874290268665819,0.874290268665819,0.913829151831734,0.917671553546974,0.874290268665819,0.886309653579517,0.920430728878326,0.886280900280295,0.886555232926141,0.885780086410523,0.886555232926141,0.918053401307782,0.879348807513863,0.925254218941145,1,1,0.985055575536262,0.920910611182867,0.992522518514275,0.992976617000248,0.964433233144332,0.964433233144332,0.882337545478274,0.88063166931076,0.975064837390431,0.973248563698453,0.881737221674252,0.987100128539395,0.987100128539395,0.88063166931076,0.938715791546228,0.960283990095209,0.942312026935695,0.932002530997872,0.924532869767811,0.927705069103046,0.946447793986234,0.946447793986234,0.928176599872835,0.989453958632804,0.92609084902533,0.927705069103046,0.910448459341634,0.990594829080331,0.913967553009847
"S1697",0.912101561479396,0.915626567582794,0.979133880646599,0.978259271356629,0.97801188355222,0.978851865869656,0.873379842295007,0.874290268665819,0.874290268665819,0.913829151831734,0.917671553546974,0.874290268665819,0.886309653579517,0.920430728878326,0.886280900280295,0.886555232926141,0.885780086410523,0.886555232926141,0.918053401307782,0.879348807513863,0.925254218941145,1,1,0.985055575536262,0.920910611182867,0.992522518514275,0.992976617000248,0.964433233144332,0.964433233144332,0.882337545478274,0.88063166931076,0.975064837390431,0.973248563698453,0.881737221674252,0.987100128539395,0.987100128539395,0.88063166931076,0.938715791546228,0.960283990095209,0.942312026935695,0.932002530997872,0.924532869767811,0.927705069103046,0.946447793986234,0.946447793986234,0.928176599872835,0.989453958632804,0.92609084902533,0.927705069103046,0.910448459341634,0.990594829080331,0.913967553009847
"S176",0.943929657196627,0.949070774208402,0.998725189547348,0.998677209464978,0.998557421359141,0.998973668225287,0.919515978137157,0.920156559466793,0.920156559466793,0.936711382778347,0.934529772088165,0.920156559466793,0.924946771359371,0.935852231538713,0.925326881217563,0.925291558727203,0.924792862132077,0.925291558727203,0.931965723952773,0.923623195096535,0.944290305496177,0.985055575536262,0.985055575536262,1,0.941107590930948,0.95971465013186,0.961625515376737,0.93775633102874,0.93775633102874,0.924941025208396,0.924468197964544,0.946209073068608,0.9438174188831,0.926066026933772,0.956080274205536,0.956080274205536,0.924468197964544,0.9722989558556,0.928829393347936,0.974649992937566,0.967805700197555,0.963457713622539,0.936269015261931,0.918615201988334,0.918615201988334,0.934528684381271,0.997917596600446,0.964595937722674,0.936269015261931,0.943061623382352,0.997576405021397,0.945401465458082
"S3234",0.990916209648264,0.99303209217983,0.952534795116158,0.951945340185974,0.951832608935591,0.94901443864262,0.980819300124321,0.980912721812273,0.980912721812273,0.999558724042583,0.999413551614978,0.980912721812273,0.989404833660692,0.999233151247949,0.989191910107711,0.989271846571622,0.988764943532798,0.989271846571622,0.998682086257976,0.9881582065366,0.999889270445181,0.920910611182867,0.920910611182867,0.941107590930948,1,0.893763582506471,0.896246779378036,0.838420413516454,0.838420413516454,0.99004021577542,0.988970304516843,0.855570028385843,0.851077914289146,0.988202902753017,0.876913418631835,0.876913418631835,0.988970304516843,0.981199450703719,0.866567006566502,0.98102266280214,0.980985865688139,0.979796250069314,0.99692746018896,0.898496292933871,0.898496292933871,0.995670983408797,0.933465522004332,0.979932105423857,0.99692746018896,0.990779272197684,0.935344332898514,0.991801066276883
"S4287",0.880329159449528,0.882187481417476,0.951357694759296,0.949749372913839,0.949604596732835,0.950788785664377,0.827665695260202,0.828634680961022,0.828634680961022,0.88454070871214,0.892791092755939,0.828634680961022,0.84567578942427,0.896020197898928,0.845179854956051,0.845885357714071,0.844700299729471,0.845885357714071,0.894958467249478,0.835967720711516,0.898771598291747,0.992522518514275,0.992522518514275,0.95971465013186,0.893763582506471,1,0.999895732531937,0.977153755456586,0.977153755456586,0.840318259425563,0.837636954749367,0.987088811113735,0.985739709527793,0.838145160927525,0.996653317423321,0.996653317423321,0.837636954749367,0.905441002071166,0.974736347025665,0.909337500937391,0.897995412429943,0.889590168611082,0.908559957791286,0.957805225071985,0.957805225071985,0.910502720549794,0.965916586658277,0.890818318878182,0.908559957791286,0.878453312103628,0.96778681043932,0.882546931606191
"S4401",0.882934518939912,0.885091038625856,0.953410516020195,0.951842184740142,0.951664802126015,0.952881295933921,0.8309260149155,0.831782605262219,0.831782605262219,0.887244965908766,0.895196619505901,0.831782605262219,0.848540101789182,0.898316148443434,0.848057752913879,0.848768562500109,0.847554783001464,0.848768562500109,0.897179288690485,0.839490682593288,0.901187264040681,0.992976617000248,0.992976617000248,0.961625515376737,0.896246779378036,0.999895732531937,1,0.977693595501524,0.977693595501524,0.843683999213862,0.841087429931968,0.987651945983774,0.986266319812063,0.841575439357329,0.997139494623919,0.997139494623919,0.841087429931968,0.908101650383744,0.974591119670492,0.911890255015088,0.900805645687381,0.892578007806613,0.910553481123391,0.958037378269712,0.958037378269712,0.912367445205324,0.967549875263641,0.893792305507224,0.910553481123391,0.881105593804464,0.969293391102103,0.885170733369247
"S4573",0.846714434128789,0.844493652098683,0.929462977205589,0.927583438653327,0.928191803299862,0.930348148007738,0.770209149805423,0.771418882991432,0.771418882991432,0.825944606631794,0.83371747243124,0.771418882991432,0.790088423077542,0.836427313909045,0.790530435583912,0.791209421585376,0.788985099112925,0.791209421585376,0.834046299186414,0.785827157088896,0.844449735461667,0.964433233144332,0.964433233144332,0.93775633102874,0.838420413516454,0.977153755456586,0.977693595501524,1,1,0.789611960529971,0.786656248073179,0.997689711922718,0.998087549477134,0.788324626578159,0.987100055137648,0.987100055137648,0.786656248073179,0.880831858601112,0.982440990545828,0.883972156751575,0.874324133840391,0.867625744352309,0.851228523469448,0.943798994102938,0.943798994102938,0.852620010000811,0.938971080907127,0.868443548661471,0.851228523469448,0.844954232404215,0.939438101585718,0.848268225479542
"S4668",0.846714434128789,0.844493652098683,0.929462977205589,0.927583438653327,0.928191803299862,0.930348148007738,0.770209149805423,0.771418882991432,0.771418882991432,0.825944606631794,0.83371747243124,0.771418882991432,0.790088423077542,0.836427313909045,0.790530435583912,0.791209421585376,0.788985099112925,0.791209421585376,0.834046299186414,0.785827157088896,0.844449735461667,0.964433233144332,0.964433233144332,0.93775633102874,0.838420413516454,0.977153755456586,0.977693595501524,1,1,0.789611960529971,0.786656248073179,0.997689711922718,0.998087549477134,0.788324626578159,0.987100055137648,0.987100055137648,0.786656248073179,0.880831858601112,0.982440990545828,0.883972156751575,0.874324133840391,0.867625744352309,0.851228523469448,0.943798994102938,0.943798994102938,0.852620010000811,0.938971080907127,0.868443548661471,0.851228523469448,0.844954232404215,0.939438101585718,0.848268225479542
"S5110",0.990922764506613,0.993667139841473,0.940626802125358,0.940793894271503,0.940740975061322,0.937454262539059,0.990638472595263,0.990604250294695,0.990604250294695,0.991756231730027,0.986370327791521,0.990604250294695,0.994578141776317,0.985307277183577,0.995254307972318,0.994720198676954,0.994379183216557,0.994720198676954,0.983316969212313,0.999777977464292,0.988876833853665,0.882337545478274,0.882337545478274,0.924941025208396,0.99004021577542,0.840318259425563,0.843683999213862,0.789611960529971,0.789611960529971,1,0.999941675856816,0.805186301073772,0.800421434630612,0.999800301789179,0.824395443044476,0.824395443044476,0.999941675856816,0.981044351761118,0.813571405587963,0.979868249784205,0.982605229863726,0.983342480610962,0.977048497141723,0.846413576989936,0.846413576989936,0.973956612267556,0.913506486572448,0.983577688344442,0.977048497141723,0.99122518332339,0.914449977473641,0.991174167137963
"S5557",0.989862702153372,0.992875370402623,0.940153255313759,0.94039277218468,0.940306148826484,0.937065131843288,0.991048649978904,0.990970578568579,0.990970578568579,0.990900983328515,0.985183835235121,0.990970578568579,0.99446785287724,0.984101986014826,0.995179522752393,0.994625304256763,0.99431612991234,0.994625304256763,0.981991830703574,0.999889458873389,0.987761750342728,0.88063166931076,0.88063166931076,0.924468197964544,0.988970304516843,0.837636954749367,0.841087429931968,0.786656248073179,0.786656248073179,0.999941675856816,1,0.802397873736087,0.797612778623851,0.999885176392922,0.821833396230756,0.821833396230756,1,0.980376322237949,0.810339746239105,0.979163758903421,0.981963269895339,0.982786912540917,0.975491920758895,0.843494888124313,0.843494888124313,0.972291307186838,0.912968647620211,0.983049603947581,0.975491920758895,0.990226143895557,0.913830078711147,0.990109952924258
"S5610",0.85672473613124,0.856201900113329,0.937829506257713,0.936115262942269,0.93640860426142,0.9383697237036,0.784786307643828,0.785777110624251,0.785777110624251,0.844001568995085,0.851808598567523,0.785777110624251,0.804727633778097,0.854690906082526,0.805107013895601,0.805663171310781,0.803648300761299,0.805663171310781,0.85271653187362,0.801257435151675,0.861132096991402,0.975064837390431,0.975064837390431,0.946209073068608,0.855570028385843,0.987088811113735,0.987651945983774,0.997689711922718,0.997689711922718,0.805186301073772,0.802397873736087,1,0.999910097108673,0.803545345071075,0.995158225934715,0.995158225934715,0.802397873736087,0.889166899233621,0.982875701878405,0.892289780992713,0.882510740086813,0.875171719500909,0.868942231718564,0.950016311771822,0.950016311771822,0.870434078702845,0.949199931892943,0.876117660597958,0.868942231718564,0.855174755112663,0.950103848024225,0.85859629727894
"S5646",0.853065459664154,0.852230863043806,0.935275481605284,0.933549374717911,0.93387087447056,0.935880073964401,0.779908036334448,0.780937953203381,0.780937953203381,0.839226355779472,0.847216631636854,0.780937953203381,0.799998843745875,0.85012735253008,0.80041776884212,0.800975843981227,0.798906163008427,0.800975843981227,0.848118083098419,0.796510786392809,0.856738794882066,0.973248563698453,0.973248563698453,0.9438174188831,0.851077914289146,0.985739709527793,0.986266319812063,0.998087549477134,0.998087549477134,0.800421434630612,0.797612778623851,0.999910097108673,1,0.798844468938105,0.994315746390716,0.994315746390716,0.797612778623851,0.88599247778662,0.983082848820533,0.88913879951887,0.879295774391754,0.87186442415643,0.864707333632219,0.949242952358084,0.949242952358084,0.866236433093547,0.946891110220265,0.872882044524811,0.864707333632219,0.851501754684782,0.947741643272909,0.854879626669809
"S6018",0.989767272100761,0.992665554501657,0.941623867882392,0.941895611996544,0.941820810655483,0.938609130375607,0.991373818944311,0.991294266491318,0.991294266491318,0.990066533770449,0.98414355213782,0.991294266491318,0.994652532432078,0.983151594776675,0.995444700780013,0.994826339494897,0.994521395513555,0.994826339494897,0.980856664172625,0.999899032983116,0.987134474387015,0.881737221674252,0.881737221674252,0.926066026933772,0.988202902753017,0.838145160927525,0.841575439357329,0.788324626578159,0.788324626578159,0.999800301789179,0.999885176392922,0.803545345071075,0.798844468938105,1,0.82251616499613,0.82251616499613,0.999885176392922,0.981077729230764,0.812027450308964,0.979959816173926,0.982571015768116,0.983365156511036,0.974411719206798,0.844430279219497,0.844430279219497,0.971206032191755,0.914845853857202,0.983688053433743,0.974411719206798,0.990064495328558,0.915641181597316,0.989982846385214
"S6120",0.867348451447612,0.869553677833301,0.946995766450114,0.945494936196548,0.945354831035671,0.946955795857009,0.807172899099415,0.80785409816421,0.80785409816421,0.866959570189508,0.874689735457735,0.80785409816421,0.825453136658569,0.877746474915155,0.825319495443733,0.825872738907522,0.824338278967541,0.825872738907522,0.876325044917234,0.820268623840774,0.882081900573503,0.987100128539395,0.987100128539395,0.956080274205536,0.876913418631835,0.996653317423321,0.997139494623919,0.987100055137648,0.987100055137648,0.824395443044476,0.821833396230756,0.995158225934715,0.994315746390716,0.82251616499613,1,1,0.821833396230756,0.897633538670907,0.97723031278682,0.901184285425383,0.890507935910698,0.882256447742805,0.890758001199886,0.953829057620019,0.953829057620019,0.892450733150655,0.96201424983209,0.883415905150841,0.890758001199886,0.86572572661305,0.963313289232393,0.869716471105368
"S6165",0.867348451447612,0.869553677833301,0.946995766450114,0.945494936196548,0.945354831035671,0.946955795857009,0.807172899099415,0.80785409816421,0.80785409816421,0.866959570189508,0.874689735457735,0.80785409816421,0.825453136658569,0.877746474915155,0.825319495443733,0.825872738907522,0.824338278967541,0.825872738907522,0.876325044917234,0.820268623840774,0.882081900573503,0.987100128539395,0.987100128539395,0.956080274205536,0.876913418631835,0.996653317423321,0.997139494623919,0.987100055137648,0.987100055137648,0.824395443044476,0.821833396230756,0.995158225934715,0.994315746390716,0.82251616499613,1,1,0.821833396230756,0.897633538670907,0.97723031278682,0.901184285425383,0.890507935910698,0.882256447742805,0.890758001199886,0.953829057620019,0.953829057620019,0.892450733150655,0.96201424983209,0.883415905150841,0.890758001199886,0.86572572661305,0.963313289232393,0.869716471105368
"S6923",0.989862702153372,0.992875370402623,0.940153255313759,0.94039277218468,0.940306148826484,0.937065131843288,0.991048649978904,0.990970578568579,0.990970578568579,0.990900983328515,0.985183835235121,0.990970578568579,0.99446785287724,0.984101986014826,0.995179522752393,0.994625304256763,0.99431612991234,0.994625304256763,0.981991830703574,0.999889458873389,0.987761750342728,0.88063166931076,0.88063166931076,0.924468197964544,0.988970304516843,0.837636954749367,0.841087429931968,0.786656248073179,0.786656248073179,0.999941675856816,1,0.802397873736087,0.797612778623851,0.999885176392922,0.821833396230756,0.821833396230756,1,0.980376322237949,0.810339746239105,0.979163758903421,0.981963269895339,0.982786912540917,0.975491920758895,0.843494888124313,0.843494888124313,0.972291307186838,0.912968647620211,0.983049603947581,0.975491920758895,0.990226143895557,0.913830078711147,0.990109952924258
"S8633",0.99287513706341,0.9939504277856,0.982466530033088,0.982291142723912,0.982722746217833,0.980721246464879,0.969901089612778,0.97065073583241,0.97065073583241,0.978414537352723,0.975083979343333,0.97065073583241,0.975864047455649,0.974510620176184,0.976457876563856,0.97623625851833,0.975456180058085,0.97623625851833,0.971904072368246,0.979595143520906,0.981979159160021,0.938715791546228,0.938715791546228,0.9722989558556,0.981199450703719,0.905441002071166,0.908101650383744,0.880831858601112,0.880831858601112,0.981044351761118,0.980376322237949,0.889166899233621,0.88599247778662,0.981077729230764,0.897633538670907,0.897633538670907,0.980376322237949,1,0.888970250829883,0.999895586794127,0.999786028900551,0.99903225216684,0.971198768726736,0.898044539499823,0.898044539499823,0.968579385080573,0.961389410389218,0.999298539349519,0.971198768726736,0.992821970987293,0.961530829894299,0.993319723677828
"S8702",0.866133177707354,0.860509991336899,0.923116171563269,0.920903353251009,0.921684242346751,0.923020639975129,0.806288062136507,0.80757120569201,0.80757120569201,0.854307324932778,0.865835517507558,0.80757120569201,0.826450348961159,0.869378860526803,0.826189985628609,0.827179793309127,0.825358868893055,0.827179793309127,0.868368017973716,0.809815424370219,0.872658790812159,0.960283990095209,0.960283990095209,0.928829393347936,0.866567006566502,0.974736347025665,0.974591119670492,0.982440990545828,0.982440990545828,0.813571405587963,0.810339746239105,0.982875701878405,0.983082848820533,0.812027450308964,0.97723031278682,0.97723031278682,0.810339746239105,0.888970250829883,1,0.891889587479271,0.882589948213451,0.877591943464754,0.886409504052797,0.986453207910992,0.986453207910992,0.889637340028926,0.929256634550962,0.877604991279303,0.886409504052797,0.865322879231265,0.931087357198076,0.86766297230997
"S8888",0.992035124333628,0.993235621030277,0.984273603046019,0.984085483923355,0.984498353338164,0.982542689275552,0.969347590572044,0.970113147160575,0.970113147160575,0.978146879851441,0.974940895114533,0.970113147160575,0.975312436740813,0.974483714408838,0.975851791940081,0.975636831239061,0.974893838022971,0.975636831239061,0.971852212281313,0.978369090211995,0.981961133288573,0.942312026935695,0.942312026935695,0.974649992937566,0.98102266280214,0.909337500937391,0.911890255015088,0.883972156751575,0.883972156751575,0.979868249784205,0.979163758903421,0.892289780992713,0.88913879951887,0.979959816173926,0.901184285425383,0.901184285425383,0.979163758903421,0.999895586794127,0.891889587479271,1,0.999423097391857,0.998408349829265,0.971337018150952,0.900318903995929,0.900318903995929,0.96881349539088,0.964394593205809,0.99873949358032,0.971337018150952,0.991853120165598,0.964547580668458,0.992528828307763
"S9019",0.993857924242749,0.994772390304288,0.978867724542328,0.978710994751337,0.979181619218505,0.977022344890494,0.970580805907071,0.971305216870122,0.971305216870122,0.978354628792246,0.974749563998958,0.971305216870122,0.976387559787758,0.973946222748132,0.977016342478631,0.976774816342229,0.975950455512467,0.976774816342229,0.971405102291193,0.981171204795449,0.981533456445717,0.932002530997872,0.932002530997872,0.967805700197555,0.980985865688139,0.897995412429943,0.900805645687381,0.874324133840391,0.874324133840391,0.982605229863726,0.981963269895339,0.882510740086813,0.879295774391754,0.982571015768116,0.890507935910698,0.890507935910698,0.981963269895339,0.999786028900551,0.882589948213451,0.999423097391857,1,0.999592843124777,0.970216312029856,0.892583166126012,0.892583166126012,0.967437633408941,0.956021463881456,0.999775498707814,0.970216312029856,0.993906037587103,0.95610607555189,0.99423530319137
"S9163",0.993892101053779,0.994571606461574,0.975226538920652,0.975070442259885,0.975614401526492,0.973451238061512,0.972862925378017,0.973555258241234,0.973555258241234,0.977452310239485,0.973596623562423,0.973555258241234,0.977864858447694,0.972621144644501,0.978427693060018,0.978272871775115,0.977473580052951,0.978272871775115,0.970047162797758,0.982086503383287,0.980223547414416,0.924532869767811,0.924532869767811,0.963457713622539,0.979796250069314,0.889590168611082,0.892578007806613,0.867625744352309,0.867625744352309,0.983342480610962,0.982786912540917,0.875171719500909,0.87186442415643,0.983365156511036,0.882256447742805,0.882256447742805,0.982786912540917,0.99903225216684,0.877591943464754,0.998408349829265,0.999592843124777,1,0.968540853310624,0.889540874589435,0.889540874589435,0.965665747573976,0.950173453820595,0.999905385099583,0.968540853310624,0.994170429227301,0.950158664434523,0.994227899622241
"S9165",0.982815663863755,0.983702152383597,0.946051159535986,0.945026510667861,0.94493812666264,0.942378177317391,0.969766136860954,0.969954905069704,0.969954905069704,0.995385858089644,0.998451587048246,0.969954905069704,0.980731531702452,0.998808469572502,0.980077763973584,0.980548693903074,0.979944254883858,0.980548693903074,0.999068323739167,0.974569970606969,0.997336543534164,0.927705069103046,0.927705069103046,0.936269015261931,0.99692746018896,0.908559957791286,0.910553481123391,0.851228523469448,0.851228523469448,0.977048497141723,0.975491920758895,0.868942231718564,0.864707333632219,0.974411719206798,0.890758001199886,0.890758001199886,0.975491920758895,0.971198768726736,0.886409504052797,0.971337018150952,0.970216312029856,0.968540853310624,1,0.920940004372095,0.920940004372095,0.999868981305067,0.929847536746528,0.968537905453592,1,0.982692995659626,0.932326234719511,0.983863073933842
