"","S10203","S10328","S10458","S10580","S10806","S10918","S11151","S11264","S11383","S11384","S11498","S11618","S11784","S11804","S11816","S11830","S11849","S11872","S11988","S1296","S1298","S1664","S1697","S176","S3234","S4287","S4401","S4573","S4668","S5110","S5557","S5610","S5646","S6018","S6120","S6165","S6923","S8633","S8702","S8888","S9019","S9163","S9165","S9269","S9272","S9313","S936","S9445","S9447","S9840","S995","S9964"
"S10203",1,-0.081942632897327,0.518420433079714,0.606107228087752,0.615334427529921,-0.398602097122107,-0.425112466973358,0.166906101383481,0.0427064373097907,0.256220496261375,0.401785488701079,0.319028624040029,0.183814034837473,-0.244026416033119,0.361907347611686,-0.344316113865558,-0.145162346428844,0.187624759861407,0.29928694048363,-0.291060420152676,-0.0907578997762853,-0.239630315342872,0.462281797120316,-0.371503143285757,-0.243012839075073,-0.43092439331125,-0.079028054213726,-0.338922768467831,0.310455111971893,-0.263979922502237,-0.512449374307307,-0.0306143037980521,-0.2249935326275,-0.00318248605039214,0.0379072715609075,-0.198262353593402,-0.644660182403347,-0.28160760479717,-0.420682293024347,-0.483301694860697,0.144041926940118,0.450218979236903,0.530745503980504,-0.627025864507449,-0.466000353260179,-0.664633866199558,-0.394769033021415,0.346538829802341,0.342655037453255,0.0714668665816346,-0.179076621036034,0.418844167027173
"S10328",-0.081942632897327,1,0.321269865147157,0.196972775374546,0.0110383870965623,0.276957214810441,0.681819935852502,-0.565061672365841,-0.0372662981655574,0.114097261029087,0.0192062759210479,-0.0703766033066182,-0.426113863215831,0.542325325267981,0.211309906046856,0.318568561197595,0.0791704104046052,-0.395845389842021,0.133883945396504,-0.342484888401838,0.0363742760752936,0.20663206519878,0.502482068653983,-0.0767402473058744,0.564872009677676,0.0645689955274051,-0.449257482374795,-0.18447665429549,-0.0250920476809907,0.0937500894707992,0.00978802666694853,0.146011422476931,-0.287352342704818,-0.46265389646373,0.859318697506314,-0.153806195474234,0.0245088964057479,-0.282111533913388,-0.140605646117416,-0.413822663408682,-0.146831079947034,0.239030749910736,-0.0495911150368708,0.159084678546669,-0.00249606709761721,0.142452346771781,0.235479320356256,-0.0257540605818964,0.0627149059629027,-0.196949480647002,0.508352720861856,0.422513144884126
"S10458",0.518420433079714,0.321269865147157,1,0.840844993650693,0.731910864792476,-0.0833313642944531,-0.0421421754257523,0.124884071707682,0.417501485743159,0.39897084116984,0.208770028174774,0.163759899964295,0.102561664763144,0.276894986553399,0.309137754847011,0.430401307016722,-0.0296944447227875,-0.0277753077349785,0.0783236413191486,-0.270376329623451,0.0172207809079876,-0.0503951420614654,0.382749832418695,-0.206362502008172,-0.019438475509157,-0.0877547938945322,0.154273446117246,-0.273679435591991,0.114460168214225,-0.28026047293828,-0.104949975689108,-0.0975188655451386,-0.32574972963992,0.0383551810766257,0.395577782628374,-0.174167085942363,-0.394080568059198,0.0936061967308457,-0.305313349709091,-0.655317765978031,-0.220299581777688,0.912937752217959,0.359841266013979,-0.458866207766693,-0.299089752124276,-0.288385088406176,0.195628388812612,0.741224853472676,0.238268325589238,0.00497397865264985,0.0740475343610176,0.324899933265061
"S10580",0.606107228087752,0.196972775374546,0.840844993650693,1,0.477957698358236,-0.0384869388551412,0.0187118349778028,0.256153428732346,-0.0145982912221357,0.23219793302908,0.267711380349712,0.325615271182779,0.189967411699787,0.157416251366188,0.24964603973976,0.281020101493574,-0.108211320084022,0.0338252717330071,0.107610749332856,-0.150372008039306,-0.322275236554778,-0.157913256546029,0.525920703955602,-0.154423630165111,0.0890924421431567,0.0265648454348019,-0.0677469326166711,-0.117894868689905,0.176817391652437,-0.227305500791318,0.166127405769303,0.160721278098242,-0.279483612651554,-0.112676897693219,0.335764161053067,-0.129407795662291,-0.333560184659078,-0.0971602075212219,-0.338941848400399,-0.563049663868563,-0.193423089949996,0.859480123115601,0.207199943109708,-0.327405455767173,-0.207102523398482,-0.63160974147958,-0.0418274677239468,0.481506359399672,0.265233142409798,0.117450278782751,0.111836590339935,0.111444431546698
"S10806",0.615334427529921,0.0110383870965623,0.731910864792476,0.477957698358236,1,-0.195330664794538,-0.190386376401069,0.123085031015592,0.56534270828042,0.596590332569395,0.228926468795339,0.227858063464559,0.467983718330385,0.0113111168798089,0.341359406457536,0.270237608053547,0.0583234208676563,0.334024951610493,0.377235695879743,-0.448667239987071,0.0551093546772091,-0.0416681760103558,0.0921105793797837,-0.339802004206828,-0.368683858131873,-0.567155860074649,0.154632360004432,-0.515588725496828,-0.0460865988839682,-0.428356462502769,-0.344475134906309,-0.467159370957686,-0.414643121539846,0.305597300684162,0.171779185242717,-0.419642023200502,-0.316489700975385,0.139795897073459,-0.400852497555554,-0.438282604973727,0.111595270989728,0.603300293748634,0.365349169037957,-0.683279902289316,-0.538932678855854,-0.218717173856432,-0.0505015706494284,0.862165275246856,0.165534389333932,-0.0568457764915802,-0.237505214103975,0.52180179832791
"S10918",-0.398602097122107,0.276957214810441,-0.0833313642944531,-0.0384869388551412,-0.195330664794538,1,0.629605702981531,0.0880701150942406,-0.160756329232492,0.0719736687420465,-0.734883063288536,0.614866194585706,0.329885497644008,0.332995793131625,-0.603832408384519,0.616824352793745,0.864129654113994,-0.442944622719215,0.100661887502256,-0.136128280253227,-0.15630104327743,0.872408634762732,-0.0325188073559518,0.566706542686906,0.399746233062015,0.416409907441118,-0.386644575587858,0.0732058694575276,-0.448092342103142,0.338383610007615,0.338493299931294,-0.24268608525553,-0.312013782995501,-0.445376238533372,0.289867419448983,-0.22040742759252,0.836847742223531,0.349105998725019,0.448901199217395,0.490205082775647,0.537953606217531,-0.110187705006343,-0.176405828275354,-0.135499161408808,-0.125842187468523,0.0571919463607439,0.13284662888655,0.100116637888808,-0.835806756793664,0.499269130328401,-0.0974458486255838,-0.522880386639776
"S11151",-0.425112466973358,0.681819935852502,-0.0421421754257523,0.0187118349778028,-0.190386376401069,0.629605702981531,1,-0.213848106000499,-0.360239159380154,-0.14562232924775,-0.37643610484276,0.200210569890365,0.0378809460367175,0.339352718603546,-0.01820139347435,0.538211807166339,0.36247078241711,-0.040169010986611,0.0498105448661595,-0.383813780000148,-0.248520019895668,0.411684025474304,0.265964278770011,0.111033548849717,0.462907294530319,0.225660628671147,-0.408297329523812,0.127907967646866,-0.0954481609613112,0.227041487133489,0.563973808182858,0.22627861569377,-0.080849288277756,-0.215179278400113,0.764119466894819,-0.0327816488199959,0.569119895146554,-0.202243834081607,0.212089606244085,-0.00928311199713418,0.211009042744002,-0.0160233884330742,-0.386073442577191,0.358248996417396,0.152843584424375,0.11395422587662,0.22435592955887,-0.0224864677019976,-0.373463196902361,0.134253981593577,0.300969990352313,0.0684939754062797
"S11264",0.166906101383481,-0.565061672365841,0.124884071707682,0.256153428732346,0.123085031015592,0.0880701150942406,-0.213848106000499,1,0.0174355836964387,-0.263930002499121,-0.380033553813779,0.575197586992521,0.444702366303208,-0.0794933084728331,-0.0785789786887237,0.0296282833917663,0.26175294508465,0.44156824292584,-0.55335996290372,-0.083410724869849,-0.363289523502157,0.105217414321908,0.187538536275461,0.0958860088829344,-0.0979190768769865,0.124482124872092,0.57902913737286,0.615054527992257,0.37101450617078,-0.093254185107097,0.113806834686347,0.205785333914317,0.408620598578224,0.337646024903614,-0.206738059488286,0.457902006205142,0.113954930753046,0.139340281276836,0.509604357288496,-0.0348734854912992,0.283401327855055,0.24819224453808,0.106677222867532,-0.163346409423178,0.088702156152936,-0.547646021406136,0.0240620698859107,0.351525038770241,-0.313913098421631,0.797576545737949,-0.567149005901238,-0.406826576179718
"S11383",0.0427064373097907,-0.0372662981655574,0.417501485743159,-0.0145982912221357,0.56534270828042,-0.160756329232492,-0.360239159380154,0.0174355836964387,1,0.577368317315587,0.220331356169816,-0.183998087529639,0.190324038009497,0.247898460013923,0.274569106205386,0.341336730714365,-0.0322471838172673,0.0117902996353416,0.00052382839584648,-0.23156861217403,0.121086302354171,-0.0827878319017392,-0.291646576997569,-0.332825721639572,-0.242398216752632,-0.489644759450196,0.385543163314774,-0.184431872344778,-0.216205650769103,-0.109974926226509,-0.481698472118016,-0.648815966968479,-0.26527420553988,0.210771063844596,-0.202338764887749,-0.234042908953347,-0.0516812445835263,0.257706337631508,-0.219116674538396,-0.28384496748224,-0.245865213052778,0.193094517667551,-0.0379369951689023,-0.497490324626932,-0.49827399387783,0.272068110220807,-0.0641649739981573,0.448965593178771,0.177493091977541,-0.221675489914466,-0.443975375153074,0.0841919784932412
"S11384",0.256220496261375,0.114097261029087,0.39897084116984,0.23219793302908,0.596590332569395,0.0719736687420465,-0.14562232924775,-0.263930002499121,0.577368317315587,1,0.389381158282839,0.14432104956642,0.376098821317073,0.441965875728056,-0.0471896115250423,0.28847413347269,0.0456800812659473,-0.183558879810013,0.71664107883742,0.00509771569037489,-0.181714316443107,0.0160616733134702,-0.124600896630637,-0.0158766699632974,0.101419804291681,-0.579064510746783,-0.399844455308852,-0.716099598829236,-0.736382738906675,-0.464756855940016,-0.279403282454608,-0.809947275377813,-0.910496572903911,-0.359176142225956,-0.0196812566375606,-0.896112883668034,0.069786144977602,0.370562832815045,-0.694053351260136,-0.00381207183478461,-0.171606765587208,0.311224228307587,-0.0675829328509714,-0.562165300430016,-0.562645573270286,-0.106640601586189,-0.303364378188227,0.366211911722578,0.219855798501072,-0.372364973932236,-0.0681878489738619,0.127762469986633
"S11498",0.401785488701079,0.0192062759210479,0.208770028174774,0.267711380349712,0.228926468795339,-0.734883063288536,-0.37643610484276,-0.380033553813779,0.220331356169816,0.389381158282839,1,-0.538206833788357,-0.124259995724985,-0.041150267600618,0.62575637107437,-0.295207519183668,-0.861596440111647,0.206318176246445,0.344567216376354,0.0691115253093673,-0.237437125076928,-0.872367536844395,0.0427501393193098,-0.633704592585995,-0.138503314887251,-0.611237367302752,-0.164666840380808,-0.337343500529906,-0.00442400880110336,-0.292149653980641,-0.184855858909808,-0.0527353649464954,-0.254277816922888,-0.000756449810199365,-0.166196722550033,-0.298986144638851,-0.559943721253131,-0.417298539529297,-0.886591554879162,-0.495539167967579,-0.696707109856859,0.16792686907863,-0.2282443578701,-0.0197458508542317,-0.226688365240588,-0.163222553303748,-0.503658451913294,-0.199849261873479,0.950323083888346,-0.763454006558328,0.143565488966422,0.394364796043758
"S11618",0.319028624040029,-0.0703766033066182,0.163759899964295,0.325615271182779,0.227858063464559,0.614866194585706,0.200210569890365,0.575197586992521,-0.183998087529639,0.14432104956642,-0.538206833788357,1,0.544189681836345,0.189953531778274,-0.402347475728452,0.174342382310095,0.745281330994856,-0.0218978454017817,0.0984114511943941,-0.235510319002772,-0.381961908535046,0.637512360738019,0.39063068474805,0.392360421804566,0.272451100568053,0.0678712850726156,-0.209683616530947,0.0659243810005953,-0.108030361424252,-0.108042127015333,-0.00424742523494326,-0.127301861245546,-0.261027811966564,-0.30755721183889,0.216523355013413,-0.175534355746858,0.376272005029861,0.227380914997576,0.310976379532807,0.196600422809527,0.679623476661242,0.232480739366079,0.230366297448061,-0.462478938164617,-0.225075935671159,-0.645538682758953,-0.100005421156849,0.38081970278076,-0.614044157655415,0.802848185675532,-0.345537748168562,-0.278569924690909
"S11784",0.183814034837473,-0.426113863215831,0.102561664763144,0.189967411699787,0.467983718330385,0.329885497644008,0.0378809460367175,0.444702366303208,0.190324038009497,0.376098821317073,-0.124259995724985,0.544189681836345,1,-0.217622605930443,-0.0390734949289138,0.445629973152431,0.386970565626766,0.4262184452617,0.345623694352059,-0.369933631743303,-0.454509716435982,0.193229179476036,-0.29519834857049,-0.106286053588856,-0.379733890458196,-0.373756053844017,-0.0469936398044568,-0.0951426028406002,-0.308837210669124,0.00994872507858754,0.196171695604105,-0.517533104072677,-0.320930699812387,0.245096704836146,-0.232033584572528,-0.392688935301712,0.47295687613171,0.158138193657173,-0.0707486051423237,0.208145163483281,0.471593351928834,0.0275475977430076,-0.253773916770842,-0.566465683093698,-0.579513933357618,-0.290136894117897,-0.450284697807433,0.476445948511915,-0.334979064273641,0.273468115941226,-0.653796636222662,-0.279070226238428
"S11804",-0.244026416033119,0.542325325267981,0.276894986553399,0.157416251366188,0.0113111168798089,0.332995793131625,0.339352718603546,-0.0794933084728331,0.247898460013923,0.441965875728056,-0.041150267600618,0.189953531778274,-0.217622605930443,1,-0.18427460847668,0.292564971379047,0.136745272834143,-0.367883535226863,-0.0135014243210253,0.151326747741104,-0.291217052729548,0.214570795314209,0.415130240746285,0.328451914073129,0.852993412090973,0.014814912618828,-0.231302184622587,-0.0294952764256827,-0.396947911225851,-0.431916308809167,0.0265599887115833,-0.101165902287101,-0.425328860638788,-0.609764979627866,0.497683155428513,-0.260524704831396,0.244327659327474,0.2957812554925,-0.101480075497806,-0.128990094343481,-0.360033440092916,0.3967776850359,-0.161426746747105,0.156238970889957,0.19553694986614,-0.131893519455986,0.273771179621326,0.0672819325941791,0.0355667651566431,0.0425312378182043,0.308412458266086,-0.0164019657126572
"S11816",0.361907347611686,0.211309906046856,0.309137754847011,0.24964603973976,0.341359406457536,-0.603832408384519,-0.01820139347435,-0.0785789786887237,0.274569106205386,-0.0471896115250423,0.62575637107437,-0.402347475728452,-0.0390734949289138,-0.18427460847668,1,-0.0553064446935487,-0.611325841091163,0.5604105057895,-0.130371110233729,-0.608517099577121,-0.226217438530298,-0.681414563163474,0.267237589640078,-0.962303951712689,-0.286361869201408,-0.582474695216163,0.228954816117415,0.133546151089721,0.555013750338152,0.0797818944793361,-0.171346075958701,0.238002731645509,0.228185990367702,0.430475346317691,0.19754015568783,0.211159230578909,-0.454076538505197,-0.78120932063208,-0.379409534095971,-0.85652987913952,-0.344138285155608,0.15509089763202,-0.226927030426748,-0.0136534144306494,-0.270715922691673,-0.099297833090238,-0.342759916995515,0.0411363960528434,0.650333568691611,-0.349020090890218,-0.175180361926234,0.555470318237884
"S11830",-0.344316113865558,0.318568561197595,0.430401307016722,0.281020101493574,0.270237608053547,0.616824352793745,0.538211807166339,0.0296282833917663,0.341336730714365,0.28847413347269,-0.295207519183668,0.174342382310095,0.445629973152431,0.292564971379047,-0.0553064446935487,1,0.424967752319148,-0.108657769202441,0.0828271609619118,-0.336326945199682,-0.126301637664483,0.402693133037891,-0.214703672900782,0.0483157638259669,0.019954146676484,0.144385285037863,-0.0204171112677719,-0.0326551840792811,-0.353561494532448,0.240531216260062,0.461979066615676,-0.349731947237751,-0.32449854226498,0.0447155747829785,0.301732368629694,-0.241201289973312,0.576694037466847,0.272414421571321,0.0838785096566096,-0.0214304670005643,0.0620283953723142,0.291789162820488,-0.340248042094471,-0.20300724257939,-0.300463800247651,0.256533082824243,0.191558392865589,0.500688372021399,-0.378875726103039,0.068385624629631,-0.11930278099637,-0.240401437786689
"S11849",-0.145162346428844,0.0791704104046052,-0.0296944447227875,-0.108211320084022,0.0583234208676563,0.864129654113994,0.36247078241711,0.26175294508465,-0.0322471838172673,0.0456800812659473,-0.861596440111647,0.745281330994856,0.386970565626766,0.136745272834143,-0.611325841091163,0.424967752319148,1,-0.323921086454897,0.0553600129856655,-0.244567382682306,0.0987907222928751,0.972813900331574,-0.0286324519221823,0.554458640013764,0.149829911877968,0.311944414307942,-0.146310404483375,0.00249909029457399,-0.279230054084013,0.248637507959062,-0.0128575756207819,-0.332562260282666,-0.203815017189558,-0.231372613116751,0.192778391405426,-0.143876281748165,0.627427369069423,0.442519529833916,0.587425405132729,0.477782454517985,0.807588908196846,-0.0926267369100482,0.217976545882318,-0.393460098183654,-0.216708690514849,0.0201142793360765,0.197347460124329,0.343954207133545,-0.942592794714767,0.684741979134879,-0.293051739966365,-0.354870512792067
"S11872",0.187624759861407,-0.395845389842021,-0.0277753077349785,0.0338252717330071,0.334024951610493,-0.442944622719215,-0.040169010986611,0.44156824292584,0.0117902996353416,-0.183558879810013,0.206318176246445,-0.0218978454017817,0.4262184452617,-0.367883535226863,0.5604105057895,-0.108657769202441,-0.323921086454897,1,-0.168104253947284,-0.375116962977043,-0.342762208803689,-0.477923709469562,0.0285379140703105,-0.541139803348517,-0.439522589564391,-0.481258299271143,0.436076267918649,0.273765766703032,0.426212719101733,-0.236578083097434,0.17741957402984,0.224507442072202,0.407972628049117,0.747917095413076,-0.0518731971992017,0.268432360127191,-0.131265015555685,-0.361751892539376,-0.0420579175174923,-0.321683908222916,0.050158347971583,0.0470645045771124,-0.196677268611609,0.106892225265831,0.0435339301413083,-0.259179669847157,-0.185333849025222,0.24733429038536,0.242698765442313,0.0682522733378534,-0.338139422881964,0.3181753334537
"S11988",0.29928694048363,0.133883945396504,0.0783236413191486,0.107610749332856,0.377235695879743,0.100661887502256,0.0498105448661595,-0.55335996290372,0.00052382839584648,0.71664107883742,0.344567216376354,0.0984114511943941,0.345623694352059,-0.0135014243210253,-0.130371110233729,0.0828271609619118,0.0553600129856655,-0.168104253947284,1,0.00335051445335259,-0.0297397160631567,0.0569617444401716,-0.200436667545482,0.0272318368126006,-0.0761789670366412,-0.434693585553916,-0.74878943461084,-0.892633740205416,-0.676941426338647,-0.249081384779817,-0.0872418110505086,-0.615549339284023,-0.846713178388686,-0.348041856955665,0.0235120465548634,-0.933876080946393,0.0496660014338039,0.140529809374635,-0.709203812850457,0.238937167489304,0.1224897619403,0.00588051631519607,-0.0013434953633143,-0.414526228339589,-0.496624327776261,-0.0343493651331715,-0.386725988654554,0.118356194052325,0.118902685679439,-0.482859797733447,0.17802981534842,0.255206065235685
"S1296",-0.291060420152676,-0.342484888401838,-0.270376329623451,-0.150372008039306,-0.448667239987071,-0.136128280253227,-0.383813780000148,-0.083410724869849,-0.23156861217403,0.00509771569037489,0.0691115253093673,-0.235510319002772,-0.369933631743303,0.151326747741104,-0.608517099577121,-0.336326945199682,-0.244567382682306,-0.375116962977043,0.00335051445335259,1,0.188349025001153,-0.132321075553965,-0.253686537556836,0.637226123179847,0.228613975699556,0.435764609497266,-0.0326146172865202,-0.103834772376865,-0.35290670150001,-0.373838908312996,0.190639694702866,0.0619124513025478,-0.0367114071602947,-0.281384691942458,-0.428237927787287,-0.0488572005948252,-0.104408214288402,0.556727171036664,-0.0719978690462167,0.511939013185627,-0.427369735845299,-0.0143023476049367,0.104706723543129,0.396396322685037,0.574895205254781,0.078441110476343,0.287468716782421,-0.336586705516425,0.147406765265408,-0.196090817710385,0.483247830019788,-0.347019950088116
"S1298",-0.0907578997762853,0.0363742760752936,0.0172207809079876,-0.322275236554778,0.0551093546772091,-0.15630104327743,-0.248520019895668,-0.363289523502157,0.121086302354171,-0.181714316443107,-0.237437125076928,-0.381961908535046,-0.454509716435982,-0.291217052729548,-0.226217438530298,-0.126301637664483,0.0987907222928751,-0.342762208803689,-0.0297397160631567,0.188349025001153,1,0.227651879350567,-0.33610462156393,0.225719618980439,-0.370002135362539,0.334548468193402,0.277951535291299,-0.336661912977789,0.078921905203061,0.103164639436306,-0.337649076253322,-0.0940661318077492,0.170466375843555,0.242507788837897,-0.0794800083417392,0.127250934113076,-0.361479782229865,0.343268686070978,0.222202144755932,0.166813710161193,0.114235503434621,-0.0856989192474282,0.646810358104098,-0.0330360110718993,0.149017916227013,0.659650077637263,0.579820300705708,0.166383921038594,-0.151924413189881,-0.185440460992703,0.297487034618711,0.288998514169658
"S1664",-0.239630315342872,0.20663206519878,-0.0503951420614654,-0.157913256546029,-0.0416681760103558,0.872408634762732,0.411684025474304,0.105217414321908,-0.0827878319017392,0.0160616733134702,-0.872367536844395,0.637512360738019,0.193229179476036,0.214570795314209,-0.681414563163474,0.402693133037891,0.972813900331574,-0.477923709469562,0.0569617444401716,-0.132321075553965,0.227651879350567,1,-0.0183541261768004,0.651844521345743,0.250856993013569,0.430747279668514,-0.202412724888732,-0.0513147979356347,-0.315156270860975,0.242287978928708,-0.00234817615626072,-0.282178433674541,-0.213588518407124,-0.326541226265478,0.26558249377049,-0.140317178843743,0.59063514075572,0.486031364101825,0.588373486091119,0.50649707531817,0.723204136891781,-0.0970322153632214,0.263151218828403,-0.273863455976714,-0.0954125442169681,0.13801089714199,0.334091228215886,0.265011140986078,-0.922493873533172,0.596279785158362,-0.0981534428351713,-0.312981545129581
"S1697",0.462281797120316,0.502482068653983,0.382749832418695,0.525920703955602,0.0921105793797837,-0.0325188073559518,0.265964278770011,0.187538536275461,-0.291646576997569,-0.124600896630637,0.0427501393193098,0.39063068474805,-0.29519834857049,0.415130240746285,0.267237589640078,-0.214703672900782,-0.0286324519221823,0.0285379140703105,-0.200436667545482,-0.253686537556836,-0.33610462156393,-0.0183541261768004,1,-0.0778273735464727,0.592012156912819,0.00474568565575749,-0.146748890370283,0.197977257098088,0.463575897306261,-0.270270305156671,-0.125633041328765,0.556877680413001,0.0479281744689458,-0.353438489796108,0.695884328038525,0.205981147554803,-0.323880209794536,-0.408366985748993,0.00488536406251065,-0.595893689342288,-0.0302215633496016,0.508092268007684,0.263179874582814,0.0855223122016318,0.187348743102367,-0.679837030987557,0.0744411759909651,0.0461620347218657,0.174825902054827,0.360682152920712,0.24629157916696,0.360113383174128
"S176",-0.371503143285757,-0.0767402473058744,-0.206362502008172,-0.154423630165111,-0.339802004206828,0.566706542686906,0.111033548849717,0.0958860088829344,-0.332825721639572,-0.0158766699632974,-0.633704592585995,0.392360421804566,-0.106286053588856,0.328451914073129,-0.962303951712689,0.0483157638259669,0.554458640013764,-0.541139803348517,0.0272318368126006,0.637226123179847,0.225719618980439,0.651844521345743,-0.0778273735464727,1,0.437045315871665,0.661864890473669,-0.181946092648573,-0.0796634399390994,-0.455768234248728,-0.209821444763571,0.233646440109114,-0.0618673881656523,-0.164700768333598,-0.447207464632031,-0.00406951623786633,-0.115048330392818,0.365919319029245,0.767896210987154,0.40553295640423,0.723791562048947,0.240763835924804,0.0126068248872485,0.288518657169368,0.162164706052495,0.457194309649603,0.0432596146759626,0.523239047182638,0.00125815154445269,-0.586562811087698,0.379735437576765,0.350448967883047,-0.439204587709595
"S3234",-0.243012839075073,0.564872009677676,-0.019438475509157,0.0890924421431567,-0.368683858131873,0.399746233062015,0.462907294530319,-0.0979190768769865,-0.242398216752632,0.101419804291681,-0.138503314887251,0.272451100568053,-0.379733890458196,0.852993412090973,-0.286361869201408,0.019954146676484,0.149829911877968,-0.439522589564391,-0.0761789670366412,0.228613975699556,-0.370002135362539,0.250856993013569,0.592012156912819,0.437045315871665,1,0.233907872451423,-0.440950217784332,0.143235293277976,-0.227512052053471,-0.255387372340487,0.136898376450973,0.239036865211558,-0.243767834426527,-0.784782129038872,0.540858184750001,-0.0832682937350702,0.262175316049887,0.0596058998403937,0.047463643928058,-0.000382006916880359,-0.215766148839545,0.17492977007321,-0.163690066302443,0.376381414310238,0.384949454934951,-0.277740495446875,0.192225161050166,-0.299593656485562,-0.0495402331085901,0.180582782203309,0.437510603690893,-0.112032473882924
"S4287",-0.43092439331125,0.0645689955274051,-0.0877547938945322,0.0265648454348019,-0.567155860074649,0.416409907441118,0.225660628671147,0.124482124872092,-0.489644759450196,-0.579064510746783,-0.611237367302752,0.0678712850726156,-0.373756053844017,0.014814912618828,-0.582474695216163,0.144385285037863,0.311944414307942,-0.481258299271143,-0.434693585553916,0.435764609497266,0.334548468193402,0.430747279668514,0.00474568565575749,0.661864890473669,0.233907872451423,1,0.115183536652615,0.343998804963675,0.124315384118644,0.30426322255083,0.46041827653483,0.453750414859358,0.352677091645178,-0.14287398612903,0.0861179490393582,0.453466220493322,0.16912607514503,0.321856977173053,0.628545841493108,0.347338959409151,0.0791250064178224,0.0405818293865455,0.220263437198957,0.397990983064949,0.570740233733243,0.193434767497446,0.636975401917763,-0.132765315735619,-0.480988761113697,0.374634533491159,0.395286669949843,-0.459583405282063
"S4401",-0.079028054213726,-0.449257482374795,0.154273446117246,-0.0677469326166711,0.154632360004432,-0.386644575587858,-0.408297329523812,0.57902913737286,0.385543163314774,-0.399844455308852,-0.164666840380808,-0.209683616530947,-0.0469936398044568,-0.231302184622587,0.228954816117415,-0.0204171112677719,-0.146310404483375,0.436076267918649,-0.74878943461084,-0.0326146172865202,0.277951535291299,-0.202412724888732,-0.146748890370283,-0.181946092648573,-0.440950217784332,0.115183536652615,1,0.513226535120201,0.555833593122623,-0.0140242325898632,-0.0878711349058706,0.220998651528675,0.699362034333829,0.764215127763127,-0.281055420089756,0.692820501085242,-0.271663299629368,0.118982649855489,0.460174712479755,-0.258183178645701,-0.111614193609788,0.158162847387411,0.216191609163351,0.0720634399867625,0.250614198643644,0.158861573268257,0.392013748049708,0.342178714882515,0.0136633327056318,0.26871265309365,-0.33738371014683,-0.0185240444573403
"S4573",-0.338922768467831,-0.18447665429549,-0.273679435591991,-0.117894868689905,-0.515588725496828,0.0732058694575276,0.127907967646866,0.615054527992257,-0.184431872344778,-0.716099598829236,-0.337343500529906,0.0659243810005953,-0.0951426028406002,-0.0294952764256827,0.133546151089721,-0.0326551840792811,0.00249909029457399,0.273765766703032,-0.892633740205416,-0.103834772376865,-0.336661912977789,-0.0513147979356347,0.197977257098088,-0.0796634399390994,0.143235293277976,0.343998804963675,0.513226535120201,1,0.58351374053268,0.378362613821039,0.284176403798742,0.614299829298039,0.779262828342744,0.2442037455739,-0.0546882032435144,0.843383849905938,0.229918469138035,-0.311787116695267,0.67518819320196,-0.122235026746465,-0.00294376649196699,-0.188216607523323,-0.319772185948276,0.430484158582514,0.385026705138825,-0.134656810396878,0.0725353114623767,-0.295897507492637,-0.196088297906142,0.55095188414109,-0.328475121908715,-0.4471444016976
"S4668",0.310455111971893,-0.0250920476809907,0.114460168214225,0.176817391652437,-0.0460865988839682,-0.448092342103142,-0.0954481609613112,0.37101450617078,-0.216205650769103,-0.736382738906675,-0.00442400880110336,-0.108030361424252,-0.308837210669124,-0.396947911225851,0.555013750338152,-0.353561494532448,-0.279230054084013,0.426212719101733,-0.676941426338647,-0.35290670150001,0.078921905203061,-0.315156270860975,0.463575897306261,-0.455768234248728,-0.227512052053471,0.124315384118644,0.555833593122623,0.58351374053268,1,0.228533637350235,-0.112394024215417,0.757436767530097,0.803068758335345,0.490168568077869,0.159536518739913,0.833743042397292,-0.523812856540331,-0.613839239586542,0.364602470054494,-0.598668450155382,0.030565168132545,0.111910403093699,0.276344160855551,0.194497655136334,0.237056118941384,-0.217937113267045,0.11715284441882,-0.0215708331262453,0.173584059452507,0.309915263550074,-0.106082241087314,0.28422020164443
"S5110",-0.263979922502237,0.0937500894707992,-0.28026047293828,-0.227305500791318,-0.428356462502769,0.338383610007615,0.227041487133489,-0.093254185107097,-0.109974926226509,-0.464756855940016,-0.292149653980641,-0.108042127015333,0.00994872507858754,-0.431916308809167,0.0797818944793361,0.240531216260062,0.248637507959062,-0.236578083097434,-0.249081384779817,-0.373838908312996,0.103164639436306,0.242287978928708,-0.270270305156671,-0.209821444763571,-0.255387372340487,0.30426322255083,-0.0140242325898632,0.378362613821039,0.228533637350235,1,0.0839306415978239,0.0787755910019853,0.309388260669017,0.0696673193657778,-0.133889833298217,0.328092308132915,0.339538417264048,-0.381305391937152,0.414479985072798,0.102810062084278,0.311942516801304,-0.541912135268733,-0.277201171086336,-0.0615516726546162,-0.303798853638629,0.378835366612209,-0.223835484478832,-0.346144530289836,-0.385655574768402,0.120357772792574,-0.349290252003465,-0.408384313450583
"S5557",-0.512449374307307,0.00978802666694853,-0.104949975689108,0.166127405769303,-0.344475134906309,0.338493299931294,0.563973808182858,0.113806834686347,-0.481698472118016,-0.279403282454608,-0.184855858909808,-0.00424742523494326,0.196171695604105,0.0265599887115833,-0.171346075958701,0.461979066615676,-0.0128575756207819,0.17741957402984,-0.0872418110505086,0.190639694702866,-0.337649076253322,-0.00234817615626072,-0.125633041328765,0.233646440109114,0.136898376450973,0.46041827653483,-0.0878711349058706,0.284176403798742,-0.112394024215417,0.0839306415978239,1,0.347030179787293,0.132200576822694,0.102304821807464,0.159775864029408,0.120322840710761,0.462914744793463,0.0546145521558395,0.137374241689289,0.214116451284152,-0.129395880148566,0.0786117346542208,-0.502744077608839,0.54595875288327,0.423390223092586,0.0300603670772378,0.226605483663518,-0.0645736354829975,-0.164058748651175,0.0389698489935089,0.305287572530042,-0.340832423939455
"S5610",-0.0306143037980521,0.146011422476931,-0.0975188655451386,0.160721278098242,-0.467159370957686,-0.24268608525553,0.22627861569377,0.205785333914317,-0.648815966968479,-0.809947275377813,-0.0527353649464954,-0.127301861245546,-0.517533104072677,-0.101165902287101,0.238002731645509,-0.349731947237751,-0.332562260282666,0.224507442072202,-0.615549339284023,0.0619124513025478,-0.0940661318077492,-0.282178433674541,0.556877680413001,-0.0618673881656523,0.239036865211558,0.453750414859358,0.220998651528675,0.614299829298039,0.757436767530097,0.0787755910019853,0.347030179787293,1,0.718844767594726,0.129979112582539,0.333189526354328,0.769618298427264,-0.310044564977626,-0.501749270844589,0.340095089225343,-0.344260890607096,-0.177563131000135,0.104618267345295,0.0560119782028941,0.681666406414447,0.686878796438309,-0.249223966868137,0.298339778583896,-0.337333149304773,0.16886306445715,0.237316481869255,0.382080755409494,0.12046782489722
"S5646",-0.2249935326275,-0.287352342704818,-0.32574972963992,-0.279483612651554,-0.414643121539846,-0.312013782995501,-0.080849288277756,0.408620598578224,-0.26527420553988,-0.910496572903911,-0.254277816922888,-0.261027811966564,-0.320930699812387,-0.425328860638788,0.228185990367702,-0.32449854226498,-0.203815017189558,0.407972628049117,-0.846713178388686,-0.0367114071602947,0.170466375843555,-0.213588518407124,0.0479281744689458,-0.164700768333598,-0.243767834426527,0.352677091645178,0.699362034333829,0.779262828342744,0.803068758335345,0.309388260669017,0.132200576822694,0.718844767594726,1,0.596624495170957,-0.127356384623322,0.964351965540208,-0.185042160734214,-0.334677690678857,0.644880734951314,-0.142432262643452,0.0248186033540434,-0.249685332654977,0.0473298738888322,0.510821508951124,0.532639762948906,0.125524417194139,0.289241746172544,-0.234746724432013,-0.0535891635512441,0.322089291447685,-0.115499097809562,-0.0514907079304444
"S6018",-0.00318248605039214,-0.46265389646373,0.0383551810766257,-0.112676897693219,0.305597300684162,-0.445376238533372,-0.215179278400113,0.337646024903614,0.210771063844596,-0.359176142225956,-0.000756449810199365,-0.30755721183889,0.245096704836146,-0.609764979627866,0.430475346317691,0.0447155747829785,-0.231372613116751,0.747917095413076,-0.348041856955665,-0.281384691942458,0.242507788837897,-0.326541226265478,-0.353438489796108,-0.447207464632031,-0.784782129038872,-0.14287398612903,0.764215127763127,0.2442037455739,0.490168568077869,0.0696673193657778,0.102304821807464,0.129979112582539,0.596624495170957,1,-0.250444017911246,0.459422561973425,-0.220478038133625,-0.11600212605584,0.207369678573722,-0.212575039645363,0.0665779672772225,-0.0163289532886689,0.0506251535976346,0.0395231173581489,0.047533257436759,0.252402029035479,0.15483785028275,0.373150082950152,0.0684614665076247,-0.00160907446945484,-0.326433116398792,0.228553392550375
"S6120",0.0379072715609075,0.859318697506314,0.395577782628374,0.335764161053067,0.171779185242717,0.289867419448983,0.764119466894819,-0.206738059488286,-0.202338764887749,-0.0196812566375606,-0.166196722550033,0.216523355013413,-0.232033584572528,0.497683155428513,0.19754015568783,0.301732368629694,0.192778391405426,-0.0518731971992017,0.0235120465548634,-0.428237927787287,-0.0794800083417392,0.26558249377049,0.695884328038525,-0.00406951623786633,0.540858184750001,0.0861179490393582,-0.281055420089756,-0.0546882032435144,0.159536518739913,-0.133889833298217,0.159775864029408,0.333189526354328,-0.127356384623322,-0.250444017911246,1,-0.0110223564366669,0.015169277830636,-0.243565025855237,0.0320892842264551,-0.45382970406318,0.0578454167277901,0.435616241842168,0.0942812788148093,0.197155153900502,0.168139112711454,-0.130314415798227,0.381568122991608,0.237835836048526,-0.0664688302721228,0.122900974774047,0.469806168529405,0.51538179662139
"S6165",-0.198262353593402,-0.153806195474234,-0.174167085942363,-0.129407795662291,-0.419642023200502,-0.22040742759252,-0.0327816488199959,0.457902006205142,-0.234042908953347,-0.896112883668034,-0.298986144638851,-0.175534355746858,-0.392688935301712,-0.260524704831396,0.211159230578909,-0.241201289973312,-0.143876281748165,0.268432360127191,-0.933876080946393,-0.0488572005948252,0.127250934113076,-0.140317178843743,0.205981147554803,-0.115048330392818,-0.0832682937350702,0.453466220493322,0.692820501085242,0.843383849905938,0.833743042397292,0.328092308132915,0.120322840710761,0.769618298427264,0.964351965540208,0.459422561973425,-0.0110223564366669,1,-0.187145580981263,-0.321337859426029,0.688495523573857,-0.24399142645988,-0.0256207954795625,-0.101729785505289,0.0853482365865905,0.479431699213702,0.533307262463997,0.0432527538920563,0.350556270084844,-0.198953866344958,-0.0762229394407565,0.41829833774746,-0.0864274803614553,-0.108439832819183
"S6923",-0.644660182403347,0.0245088964057479,-0.394080568059198,-0.333560184659078,-0.316489700975385,0.836847742223531,0.569119895146554,0.113954930753046,-0.0516812445835263,0.069786144977602,-0.559943721253131,0.376272005029861,0.47295687613171,0.244327659327474,-0.454076538505197,0.576694037466847,0.627427369069423,-0.131265015555685,0.0496660014338039,-0.104408214288402,-0.361479782229865,0.59063514075572,-0.323880209794536,0.365919319029245,0.262175316049887,0.16912607514503,-0.271663299629368,0.229918469138035,-0.523812856540331,0.339538417264048,0.462914744793463,-0.310044564977626,-0.185042160734214,-0.220478038133625,0.015169277830636,-0.187145580981263,1,0.258109644559498,0.372503200030364,0.580352295312802,0.378927682790913,-0.403239960608214,-0.595330392700212,0.0545241796406516,-0.0955117197475967,0.188988077056286,-0.0784254287227172,-0.0983532878141933,-0.686071104612302,0.311969019766774,-0.285555543458379,-0.619294068897074
"S8633",-0.28160760479717,-0.282111533913388,0.0936061967308457,-0.0971602075212219,0.139795897073459,0.349105998725019,-0.202243834081607,0.139340281276836,0.257706337631508,0.370562832815045,-0.417298539529297,0.227380914997576,0.158138193657173,0.2957812554925,-0.78120932063208,0.272414421571321,0.442519529833916,-0.361751892539376,0.140529809374635,0.556727171036664,0.343268686070978,0.486031364101825,-0.408366985748993,0.767896210987154,0.0596058998403937,0.321856977173053,0.118982649855489,-0.311787116695267,-0.613839239586542,-0.381305391937152,0.0546145521558395,-0.501749270844589,-0.334677690678857,-0.11600212605584,-0.243565025855237,-0.321337859426029,0.258109644559498,1,0.165421647626415,0.592635914911952,0.0819363129167143,0.198832322376847,0.302183192212165,-0.170233775380572,0.150773199255573,0.213210176137407,0.490141745308231,0.412145624809807,-0.413644681576726,0.151842516070759,0.0964765834569685,-0.33450636594272
"S8702",-0.420682293024347,-0.140605646117416,-0.305313349709091,-0.338941848400399,-0.400852497555554,0.448901199217395,0.212089606244085,0.509604357288496,-0.219116674538396,-0.694053351260136,-0.886591554879162,0.310976379532807,-0.0707486051423237,-0.101480075497806,-0.379409534095971,0.0838785096566096,0.587425405132729,-0.0420579175174923,-0.709203812850457,-0.0719978690462167,0.222202144755932,0.588373486091119,0.00488536406251065,0.40553295640423,0.047463643928058,0.628545841493108,0.460174712479755,0.67518819320196,0.364602470054494,0.414479985072798,0.137374241689289,0.340095089225343,0.644880734951314,0.207369678573722,0.0320892842264551,0.688495523573857,0.372503200030364,0.165421647626415,1,0.300167361754391,0.51943288755447,-0.260463124462686,0.165874288679206,0.208600294840987,0.372538997534449,0.168207176520474,0.473416588476822,0.0042590359288914,-0.760529159032528,0.768087153670569,-0.235550637541451,-0.408278836248997
"S8888",-0.483301694860697,-0.413822663408682,-0.655317765978031,-0.563049663868563,-0.438282604973727,0.490205082775647,-0.00928311199713418,-0.0348734854912992,-0.28384496748224,-0.00381207183478461,-0.495539167967579,0.196600422809527,0.208145163483281,-0.128990094343481,-0.85652987913952,-0.0214304670005643,0.477782454517985,-0.321683908222916,0.238937167489304,0.511939013185627,0.166813710161193,0.50649707531817,-0.595893689342288,0.723791562048947,-0.000382006916880359,0.347338959409151,-0.258183178645701,-0.122235026746465,-0.598668450155382,0.102810062084278,0.214116451284152,-0.344260890607096,-0.142432262643452,-0.212575039645363,-0.45382970406318,-0.24399142645988,0.580352295312802,0.592635914911952,0.300167361754391,1,0.404655990821582,-0.561648720782676,-0.0667279115944739,0.0646707811716442,0.142600796412636,0.285141364145711,0.0501842430832592,-0.250801029707291,-0.598767772784474,0.143691451449512,-0.0192839347457231,-0.575014999935933
"S9019",0.144041926940118,-0.146831079947034,-0.220299581777688,-0.193423089949996,0.111595270989728,0.537953606217531,0.211009042744002,0.283401327855055,-0.245865213052778,-0.171606765587208,-0.696707109856859,0.679623476661242,0.471593351928834,-0.360033440092916,-0.344138285155608,0.0620283953723142,0.807588908196846,0.050158347971583,0.1224897619403,-0.427369735845299,0.114235503434621,0.723204136891781,-0.0302215633496016,0.240763835924804,-0.215766148839545,0.0791250064178224,-0.111614193609788,-0.00294376649196699,0.030565168132545,0.311942516801304,-0.129395880148566,-0.177563131000135,0.0248186033540434,0.0665779672772225,0.0578454167277901,-0.0256207954795625,0.378927682790913,0.0819363129167143,0.51943288755447,0.404655990821582,1,-0.30265630319527,0.304938675674888,-0.424118864055012,-0.294736418619293,-0.0940219664606522,-0.0665499431626469,0.247492632230821,-0.803854180084251,0.639044913326572,-0.425186610855302,-0.114410606430383
